SpeciesToAdd = {...
    'ISOPANO3';'ISOPANO3_dep';...
    'ISOPBNO3';'ISOPBNO3_dep';...
    'ISOPCNO3';'ISOPCNO3_dep';...
    'ISOPDNO3';'ISOPDNO3_dep';...
    };

AddSpecies;

Vd=[0.444864183194265;0.343332536273531;0.250710120672729;0.152348639913232;0.0488605654403472;0.0415421974743289;0.0365495284819628;0.0360692210852287;0.0355889136884953;0.0351086062917612;0.0346282988950271;0.0341479914982936;0.0336676841015595;0.0504784429872462;0.0672892018729329;0.0668088944761988;0.0663285870794462;0.0455312768008862;0.0354759001833773;0.0303055323244198;0.0298252249276863;0.0486680535688254;0.133971878786239;0.225520469884459;0.317069060982805;0.409302376018758;0.504281604283202;0.714891359561626;0.894304645603236;1.07371793164460;1.18793111858202;1.28975628668969;1.42684166839268;1.56693988740261;1.62563694442819;1.65633819322740;1.67459552497854;1.68041360148863;1.62146787622452;1.55076226099435;1.43526870875721;1.29620370715631;1.16527191080660;1.04958846163437;0.939335311383018;0.834916483333019;0.730497655282974;0.576037658027728;0.444864183194265;0.343332536273531;0.250710120672729;0.152348639913232;0.0488605654403472;0.0415421974743289;0.0365495284819628;0.0360692210852287;0.0355889136884953;0.0351086062917612;0.0346282988950271;0.0341479914982936;0.0336676841015595;0.0504784429872462;0.0672892018729329;0.0668088944761988;0.0663285870794462;0.0455312768008862;0.0354759001833773;0.0303055323244198;0.0298252249276863;0.0486680535688254;0.133971878786239;0.225520469884459;0.317069060982805;0.409302376018758;0.504281604283202;0.714891359561626;0.894304645603236;1.07371793164460;1.18793111858202;1.28975628668969;1.42684166839268;1.56693988740261;1.62563694442819;1.65633819322740;1.67459552497854;1.68041360148863;1.62146787622452;1.55076226099435;1.43526870875721;1.29620370715631;1.16527191080660;1.04958846163437;0.939335311383018;0.834916483333019;0.730497655282974;0.576037658027728;0.444864183194265;0.343332536273531;0.250710120672729;0.152348639913232;0.0488605654403472;0.0415421974743289;0.0365495284819628;0.0360692210852287;0.0355889136884953;0.0351086062917612;0.0346282988950271;0.0341479914982936;0.0336676841015595;0.0504784429872462;0.0672892018729329;0.0668088944761988;0.0663285870794462;0.0455312768008862;0.0354759001833773;0.0303055323244198;0.0298252249276863;0.0486680535688254;0.133971878786239;0.225520469884459;0.317069060982805;0.409302376018758;0.504281604283202;0.714891359561626;0.894304645603236;1.07371793164460;1.18793111858202;1.28975628668969;1.42684166839268;1.56693988740261;1.62563694442819;1.65633819322740;1.67459552497854;1.68041360148863;1.62146787622452;1.55076226099435;1.43526870875721;1.29620370715631;1.16527191080660;1.04958846163437;0.939335311383018;0.834916483333019;0.730497655282974;0.576037658027728;0.444864183194265;0.343332536273531;0.250710120672729;0.152348639913232;0.0488605654403472;0.0415421974743289;0.0365495284819628;0.0360692210852287;0.0355889136884953;0.0351086062917612;0.0346282988950271;0.0341479914982936;0.0336676841015595;0.0504784429872462;0.0672892018729329;0.0668088944761988;0.0663285870794462;0.0455312768008862;0.0354759001833773;0.0303055323244198;0.0298252249276863;0.0486680535688254;0.133971878786239;0.225520469884459;0.317069060982805;0.409302376018758;0.504281604283202;0.714891359561626;0.894304645603236;1.07371793164460;1.18793111858202;1.28975628668969;1.42684166839268;1.56693988740261;1.62563694442819;1.65633819322740;1.67459552497854;1.68041360148863;1.62146787622452;1.55076226099435;1.43526870875721;1.29620370715631;1.16527191080660;1.04958846163437;0.939335311383018;0.834916483333019;0.730497655282974;0.576037658027728;0.444864183194265;0.343332536273531;0.250710120672729;0.152348639913232;0.0488605654403472;0.0415421974743289;0.0365495284819628;0.0360692210852287;0.0355889136884953;0.0351086062917612;0.0346282988950271;0.0341479914982936;0.0336676841015595;0.0504784429872462;0.0672892018729329;0.0668088944761988;0.0663285870794462;0.0455312768008862;0.0354759001833773;0.0303055323244198;0.0298252249276863;0.0486680535688254;0.133971878786239;0.225520469884459;0.317069060982805;0.409302376018758;0.504281604283202;0.714891359561626;0.894304645603236;1.07371793164460;1.18793111858202;1.28975628668969;1.42684166839268;1.56693988740261;1.62563694442819;1.65633819322740;1.67459552497854;1.68041360148863;1.62146787622452;1.55076226099435;1.43526870875721;1.29620370715631;1.16527191080660;1.04958846163437;0.939335311383018;0.834916483333019;0.730497655282974;0.576037658027728;0.444864183194265;0.343332536273531;0.250710120672729;0.152348639913232;0.0488605654403472;0.0415421974743289;0.0365495284819628;0.0360692210852287;0.0355889136884953;0.0351086062917612;0.0346282988950271;0.0341479914982936;0.0336676841015595;0.0504784429872462;0.0672892018729329;0.0668088944761988;0.0663285870794462;0.0455312768008862;0.0354759001833773;0.0303055323244198;0.0298252249276863;0.0486680535688254;0.133971878786239;0.225520469884459;0.317069060982805;0.409302376018758;0.504281604283202;0.714891359561626;0.894304645603236;1.07371793164460;1.18793111858202;1.28975628668969;1.42684166839268;1.56693988740261;1.62563694442819;1.65633819322740;1.67459552497854;1.68041360148863;1.62146787622452;1.55076226099435;1.43526870875721;1.29620370715631;1.16527191080660;1.04958846163437;0.939335311383018;0.834916483333019;0.730497655282974;0.576037658027728;0.444864183194265;0.343332536273531;0.250710120672729;0.152348639913232;0.0488605654403472;0.0415421974743289;0.0365495284819628;0.0360692210852287;0.0355889136884953;0.0351086062917612;0.0346282988950271;0.0341479914982936;0.0336676841015595;0.0504784429872462;0.0672892018729329;0.0668088944761988;0.0663285870794462;0.0455312768008862;0.0354759001833773;0.0303055323244198;0.0298252249276863;0.0486680535688254;0.133971878786239;0.225520469884459;0.317069060982805;0.409302376018758;0.504281604283202;0.714891359561626;0.894304645603236;1.07371793164460;1.18793111858202;1.28975628668969;1.42684166839268;1.56693988740261;1.62563694442819;1.65633819322740;1.67459552497854;1.68041360148863;1.62146787622452;1.55076226099435;1.43526870875721;1.29620370715631;1.16527191080660;1.04958846163437;0.939335311383018;0.834916483333019;0.730497655282974;0.576037658027728;0.444864183194265;0.343332536273531;0.250710120672729;0.152348639913232;0.0488605654403472;0.0415421974743289;0.0365495284819628;0.0360692210852287;0.0355889136884953;0.0351086062917612;0.0346282988950271;0.0341479914982936;0.0336676841015595;0.0504784429872462;0.0672892018729329;0.0668088944761988;0.0663285870794462;0.0455312768008862;0.0354759001833773;0.0303055323244198;0.0298252249276863;0.0486680535688254;0.133971878786239;0.225520469884459;0.317069060982805;0.409302376018758;0.504281604283202;0.714891359561626;0.894304645603236;1.07371793164460;1.18793111858202;1.28975628668969;1.42684166839268;1.56693988740261;1.62563694442819;1.65633819322740;1.67459552497854;1.68041360148863;1.62146787622452;1.55076226099435;1.43526870875721;1.29620370715631;1.16527191080660;1.04958846163437;0.939335311383018;0.834916483333019;0.730497655282974;0.576037658027728;0.444864183194265;0.343332536273531;0.250710120672729;0.152348639913232;0.0488605654403472;0.0415421974743289;0.0365495284819628;0.0360692210852287;0.0355889136884953;0.0351086062917612;0.0346282988950271;0.0341479914982936;0.0336676841015595;0.0504784429872462;0.0672892018729329;0.0668088944761988;0.0663285870794462;0.0455312768008862;0.0354759001833773;0.0303055323244198;0.0298252249276863;0.0486680535688254;0.133971878786239;0.225520469884459;0.317069060982805;0.409302376018758;0.504281604283202;0.714891359561626;0.894304645603236;1.07371793164460;1.18793111858202;1.28975628668969;1.42684166839268;1.56693988740261;1.62563694442819;1.65633819322740;1.67459552497854;1.68041360148863;1.62146787622452;1.55076226099435;1.43526870875721;1.29620370715631;1.16527191080660;1.04958846163437;0.939335311383018;0.834916483333019;0.730497655282974;0.576037658027728;